This are real logs of raw data from 2 different sensors.

You can identify 4 sync pulses with the first sensor and 2 up to 4 sync pulses with the second sensor. I even observed one sync pulse. Also the length of high and low of the sync pulses differ slightly.

We always count 41 bits of payload.

[10:46:39][I][remote.raw:028]: Received Raw: 810, -871, 813, -866, 807, -868, 808, -870, 463, -284, 217, -505, 459, -287, 447, -285, 220, -504, 225, -507, 223, -508, 458, -285, 448, -284, 222, -507, 224, -504, 229, -505, 226, -510, 225, -506, 453, -288, 213, -507, 225, -509, 450, 
[10:46:39][I][remote.raw:028]:   -292, 441, -294, 212, -503, 458, -288, 446, -284, 445, -292, 215, -509, 222, -509, 225, -504, 458, -290, 442, -285, 218, -503, 454, -289, 444, -288, 217, -509, 457, -284, 215, -508, 224, -508, 227, -506, 227, -506, 457, -290, 440, -292, 212, -505, 229, 
[10:46:39][I][remote.raw:028]:   -549, 804, -862, 816, -865, 814, -864, 816, -866, 462, -287, 217, -506, 457, -287, 443, -289, 212, -509, 224, -504, 232, -503, 455, -288, 446, -290, 214, -505, 227, -506, 223, -513, 225, -505, 226, -507, 455, -289, 215, -504, 227, -507, 455, -289, 444, 
[10:46:39][I][remote.raw:028]:   -284, 215, -509, 454, -284, 449, -286, 444, -291, 212, -509, 224, -505, 229, -504, 460, -290, 443, -284, 218, -505, 455, -292, 442, -288, 215, -503, 458, -290, 212, -510, 222, -506, 229, -506, 223, -511, 453, -286, 445, -291, 216, -505, 227, -548, 806, 
[10:46:39][I][remote.raw:028]:   -866, 817, -863, 812, -868, 805, -875, 460, -282, 221, -510, 452, -285, 450, -284, 218, -506, 223, -513, 220, -507, 458, -286, 450, -281, 217, -505, 227, -508, 225, -506, 226, -508, 224, -505, 458, -288, 212, -509, 229, -504, 453, -290, 443, -290, 214, 
[10:46:39][I][remote.raw:028]:   -507, 454, -290, 446, -288, 446, -284, 215, -510, 224, -504, 224, -507, 456, -285, 450, -285, 214, -509, 451, -293, 442, -297, 211, -506, 453, -287, 217, -506, 227, -506, 228, -503, 229, -502, 455, -291, 442, -286, 216, -507, 227, -551, 808, -862, 816, 
[10:46:39][I][remote.raw:028]:   -867, 810, -866, 816, -866, 461, -283, 219, -509, 453, -288, 442, -288, 215, -510, 224, -504, 227, -505, 460, -286, 446, -285, 218, -506, 223, -513, 223, -505, 226, -503, 228, -508, 457, -284, 218, -509, 223, -510, 449, -294, 444, -285, 214, -506, 458,
[10:46:39][I][remote.raw:041]:   -288, 446, -285, 445, -291, 211, -512, 221, -507, 229, -506, 461, -281, 444, -283, 219, -508, 452, -291, 441, -288, 218, -504, 458, -286, 215, -508, 228, -505, 224, -507, 229, -501, 458, -285, 450, -287, 217, -506, 452

[10:46:39][I][remote.raw:028]: Received Raw: 813, -874, 814, -860, 811, -868, 811, -867, 462, -289, 219, -505, 454, -289, 445, -284, 218, -506, 227, -505, 229, -505, 458, -286, 443, -289, 212, -509, 225, -503, 230, -505, 228, -508, 225, -509, 451, -291, 214, -508, 223, -508, 457, 
[10:46:39][I][remote.raw:028]:   -285, 450, -282, 217, -510, 452, -289, 444, -286, 446, -284, 217, -503, 227, -509, 226, -507, 453, -291, 441, -290, 214, -514, 450, -284, 449, -287, 215, -508, 453, -290, 216, -508, 224, -507, 224, -506, 227, -507, 457, -283, 447, -286, 219, -507, 223, 
[10:46:39][I][remote.raw:028]:   -550, 805, -871, 809, -864, 817, -868, 811, -861, 463, -291, 213, -512, 450, -286, 446, -288, 215, -508, 226, -510, 225, -508, 449, -294, 441, -288, 213, -507, 227, -507, 228, -509, 222, -505, 228, -508, 449, -293, 211, -503, 230, -509, 460, -290, 433, 
[10:46:39][I][remote.raw:028]:   -295, 214, -506, 455, -286, 446, -286, 448, -285, 219, -509, 221, -508, 230, -503, 452, -294, 439, -285, 215, -507, 458, -284, 452, -282, 217, -506, 454, -291, 214, -505, 226, -505, 228, -507, 225, -508, 453, -289, 446, -292, 211, -501, 229, -548, 809, 
[10:46:39][I][remote.raw:028]:   -866, 812, -868, 807, -874, 810, -866, 464, -287, 216, -511, 459, -279, 447, -287, 215, -510, 224, -506, 228, -503, 452, -292, 442, -285, 216, -510, 226, -506, 226, -507, 228, -505, 227, -509, 452, -287, 217, -506, 225, -507, 455, -283, 445, -290, 218, 
[10:46:39][I][remote.raw:028]:   -507, 451, -290, 447, -283, 447, -288, 214, -510, 225, -509, 225, -510, 449, -291, 442, -288, 216, -504, 460, -284, 444, -290, 217, -505, 452, -286, 216, -506, 228, -506, 230, -502, 226, -509, 452, -290, 443, -288, 215, -508, 457, -327, 798, -864, 819, 
[10:46:39][I][remote.raw:028]:   -861, 812, -865, 816, -868, 460, -287, 219, -507, 451, -290, 443, -289, 215, -505, 227, -506, 230, -504, 458, -284, 443, -290, 217, -505, 224, -507, 229, -499, 230, -506, 228, -506, 455, -289, 218, -508, 220, -504, 459, -287, 446, -287, 215, -505, 457, 
[10:46:39][I][remote.raw:041]:   -289, 442, -289, 443, -290, 214, -504, 228, -508, 227, -504, 457, -286, 444, -292, 212, -505, 461, -287, 444, -286, 217, -511, 450, -292, 212, -508, 227, -503, 224, -506, 227, -508, 455, -286, 442, -290, 216, -508, 228

[10:47:29][I][remote.raw:028]: Received Raw: 810, -870, 816, -865, 809, -874, 808, -865, 460, -294, 216, -503, 457, -285, 447, -292, 212, -501, 227, -509, 227, -503, 458, -287, 443, -285, 218, -506, 228, -505, 229, -503, 228, -508, 226, -504, 456, -294, 212, -502, 226, -506, 457, 
[10:47:29][I][remote.raw:028]:   -286, 443, -290, 216, -510, 451, -291, 443, -287, 444, -288, 218, -507, 229, -502, 228, -504, 455, -295, 437, -293, 213, -504, 459, -286, 215, -501, 457, -289, 443, -288, 214, -514, 451, -286, 216, -515, 447, -293, 213, -508, 450, -292, 440, -292, 214, 
[10:47:29][I][remote.raw:028]:   -548, 811, -865, 810, -864, 814, -867, 812, -868, 464, -288, 214, -508, 452, -286, 449, -289, 214, -506, 230, -504, 226, -502, 455, -289, 444, -289, 215, -505, 226, -506, 229, -504, 226, -509, 228, -504, 452, -289, 214, -511, 223, -505, 458, -284, 447, 
[10:47:29][I][remote.raw:028]:   -291, 214, -505, 455, -288, 443, -292, 441, -287, 216, -506, 230, -504, 228, -506, 450, -293, 443, -290, 214, -507, 455, -286, 216, -506, 460, -285, 443, -289, 218, -505, 455, -287, 213, -507, 457, -282, 219, -507, 458, -287, 440, -293, 210, -556, 807, 
[10:47:29][I][remote.raw:028]:   -863, 814, -868, 810, -865, 811, -869, 462, -286, 218, -506, 456, -285, 444, -289, 216, -511, 223, -505, 228, -505, 463, -278, 450, -284, 218, -511, 226, -508, 220, -506, 224, -503, 229, -503, 461, -285, 216, -509, 226, -503, 454, -295, 440, -285, 218, 
[10:47:29][I][remote.raw:028]:   -504, 459, -289, 445, -288, 441, -292, 216, -504, 226, -506, 224, -505, 458, -285, 447, -284, 220, -509, 450, -290, 214, -509, 452, -287, 449, -286, 216, -506, 458, -286, 216, -512, 447, -295, 211, -507, 455, -286, 445, -284, 220, -549, 804, -867, 814, 
[10:47:29][I][remote.raw:028]:   -866, 811, -867, 813, -873, 457, -287, 216, -504, 459, -284, 444, -287, 215, -510, 223, -507, 226, -506, 457, -286, 448, -289, 214, -507, 227, -506, 224, -510, 223, -505, 231, -505, 457, -284, 219, -503, 227, -503, 455, -289, 444, -285, 217, -506, 460, 
[10:47:29][I][remote.raw:041]:   -286, 443, -289, 440, -295, 217, -505, 222, -510, 223, -504, 459, -288, 444, -291, 215, -506, 454, -289, 210, -510, 454, -286, 446, -287, 216, -509, 454, -288, 214, -508, 456, -294, 211, -505, 456, -284, 448, -286, 443

[10:47:29][I][remote.raw:028]: Received Raw: 814, -866, 818, -865, 814, -860, 817, -867, 459, -290, 215, -504, 458, -288, 445, -292, 214, -503, 230, -506, 223, -508, 455, -285, 447, -287, 224, -500, 227, -504, 227, -504, 224, -509, 222, -506, 458, -286, 218, -506, 227, -507, 453, 
[10:47:29][I][remote.raw:028]:   -291, 442, -292, 210, -509, 454, -287, 448, -290, 445, -286, 217, -500, 229, -508, 222, -511, 451, -291, 441, -284, 221, -506, 453, -291, 216, -510, 452, -287, 445, -285, 217, -505, 459, -291, 212, -507, 454, -291, 212, -510, 451, -286, 437, -297, 213, 
[10:47:29][I][remote.raw:028]:   -551, 805, -866, 813, -870, 809, -867, 814, -869, 464, -278, 218, -507, 457, -285, 443, -290, 217, -507, 226, -506, 227, -507, 454, -287, 447, -289, 216, -504, 228, -505, 224, -509, 224, -505, 230, -505, 457, -283, 219, -506, 226, -506, 447, -297, 441, 
[10:47:29][I][remote.raw:028]:   -287, 216, -507, 456, -284, 447, -289, 444, -287, 219, -506, 225, -508, 224, -503, 458, -291, 446, -286, 213, -506, 455, -289, 213, -510, 453, -284, 449, -289, 218, -504, 450, -295, 216, -505, 455, -292, 212, -503, 457, -285, 449, -287, 220, -545, 807, 
[10:47:29][I][remote.raw:028]:   -862, 814, -867, 811, -869, 805, -878, 458, -288, 214, -506, 459, -288, 439, -296, 216, -502, 225, -505, 226, -507, 455, -287, 447, -289, 215, -504, 230, -505, 221, -511, 224, -505, 229, -504, 460, -283, 218, -507, 226, -507, 454, -291, 447, -277, 222, 
[10:47:29][I][remote.raw:028]:   -504, 456, -284, 449, -285, 443, -291, 213, -510, 221, -505, 233, -504, 457, -287, 446, -286, 217, -506, 452, -289, 217, -509, 454, -285, 447, -284, 219, -508, 449, -288, 220, -510, 447, -295, 210, -505, 457, -288, 446, -285, 446, -327, 801, -866, 811, 
[10:47:29][I][remote.raw:028]:   -869, 812, -865, 810, -865, 467, -288, 216, -507, 451, -289, 445, -283, 220, -508, 226, -504, 228, -505, 456, -292, 442, -288, 215, -504, 225, -506, 228, -510, 222, -506, 228, -509, 451, -286, 217, -510, 224, -505, 460, -282, 450, -285, 216, -506, 454, 
[10:47:29][I][remote.raw:041]:   -289, 441, -298, 440, -288, 214, -504, 229, -501, 231, -505, 457, -288, 441, -293, 212, -507, 453, -287, 217, -506, 454, -293, 441, -294, 212, -506, 455, -286, 216, -507, 460, -282, 218, -502, 455, -290, 444, -285, 216




[10:46:33][I][remote.raw:028]: Received Raw: 686, -733, 740, -724, 740, -725, 274, -467, 263, -471, 481, -258, 478, -265, 251, -471, 486, -263, 249, -464, 271, -464, 265, -471, 268, -463, 273, -462, 483, -260, 251, -466, 268, -460, 488, -260, 252, -472, 479, -260, 255, -465, 485,
[10:46:33][I][remote.raw:028]:   -265, 472, -260, 468, -263, 257, -465, 266, -467, 480, -265, 259, -458, 265, -467, 481, -265, 254, -463, 264, -471, 486, -263, 466, -259, 472, -262, 474, -267, 461, -269, 253, -461, 271, -465, 485, -264, 252, -463, 488, -255, 255, -470, 261, -518, 738,
[10:46:33][I][remote.raw:028]:   -724, 740, -724, 743, -725, 733, -734, 275, -468, 268, -469, 484, -255, 472, -259, 253, -468, 483, -257, 258, -467, 262, -469, 267, -466, 266, -462, 274, -463, 486, -262, 252, -463, 270, -464, 486, -264, 252, -464, 492, -253, 257, -461, 488, -260, 467, 
[10:46:33][I][remote.raw:028]:   -260, 473, -263, 252, -466, 269, -460, 485, -262, 254, -468, 271, -465, 479, -262, 262, -460, 264, -471, 483, -260, 472, -260, 472, -261, 474, -257, 468, -261, 259, -462, 266, -468, 479, -261, 258, -465, 489, -260, 251, -469, 266, -520, 737, -729, 739, 
[10:46:34][I][remote.raw:028]:   -720, 735, -730, 733, -733, 274, -465, 269, -461, 488, -263, 469, -264, 252, -469, 480, -264, 250, -470, 265, -471, 267, -457, 272, -461, 266, -467, 480, -268, 251, -465, 269, -464, 487, -259, 251, -466, 486, -263, 258, -465, 488, -256, 468, -263, 473, 
[10:46:34][I][remote.raw:028]:   -266, 252, -464, 266, -459, 488, -260, 252, -466, 266, -470, 479, -262, 257, -462, 266, -469, 480, -262, 474, -260, 474, -263, 472, -260, 468, -265, 257, -465, 267, -462, 481, -259, 258, -462, 487, -261, 253, -467, 482, -315, 723, -726, 740, -726, 736, 
[10:46:34][I][remote.raw:028]:   -732, 733, -735, 274, -466, 265, -461, 492, -254, 474, -262, 249, -471, 482, -258, 258, -466, 260, -473, 267, -462, 269, -465, 275, -459, 488, -263, 252, -464, 274, -456, 489, -259, 253, -458, 488, -261, 256, -465, 489, -258, 472, -253, 473, -264, 251, 
[10:46:34][I][remote.raw:041]:   -470, 267, -462, 487, -262, 253, -467, 267, -468, 481, -266, 257, -462, 263, -466, 484, -263, 469, -259, 475, -258, 473, -261, 466, -263, 256, -465, 272, -462, 487, -262, 251, -463, 486, -262, 254, -471, 265

[10:46:34][I][remote.raw:028]: Received Raw: 283, -1128, 740, -728, 733, -736, 275, -464, 266, -462, 486, -260, 474, -259, 250, -470, 482, -259, 258, -463, 265, -469, 268, -463, 271, -463, 269, -466, 485, -265, 251, -463, 272, -464, 488, -254, 256, -458, 487, -260, 252, -469, 487, 
[10:46:34][I][remote.raw:028]:   -261, 468, -259, 474, -259, 252, -471, 265, -471, 480, -261, 253, -467, 267, -471, 479, -266, 257, -458, 267, -465, 482, -261, 472, -260, 473, -265, 469, -262, 469, -258, 255, -467, 264, -471, 480, -267, 252, -463, 486, -262, 252, -470, 266, -522, 735, 
[10:46:34][I][remote.raw:028]:   -720, 739, -726, 738, -729, 733, -733, 272, -470, 264, -465, 485, -262, 473, -261, 254, -470, 483, -259, 257, -460, 266, -468, 266, -461, 270, -464, 270, -465, 487, -257, 254, -462, 271, -466, 485, -263, 250, -465, 485, -264, 252, -468, 483, -270, 466, 
[10:46:34][I][remote.raw:028]:   -257, 472, -258, 254, -468, 264, -464, 486, -261, 258, -464, 267, -466, 479, -261, 258, -464, 267, -469, 481, -260, 475, -262, 470, -265, 472, -265, 452, -273, 256, -462, 265, -468, 481, -260, 258, -463, 489, -257, 256, -467, 262, -522, 733, -728, 738, 
[10:46:34][I][remote.raw:028]:   -729, 735, -731, 739, -729, 268, -473, 261, -464, 486, -265, 472, -257, 252, -469, 479, -267, 255, -468, 263, -470, 263, -462, 271, -465, 271, -466, 490, -252, 255, -460, 272, -463, 485, -259, 252, -470, 480, -261, 254, -465, 487, -263, 468, -261, 471, 
[10:46:34][I][remote.raw:028]:   -264, 252, -468, 265, -470, 480, -263, 259, -464, 266, -464, 481, -258, 263, -459, 271, -466, 481, -263, 468, -259, 475, -261, 470, -265, 466, -262, 258, -462, 267, -467, 488, -263, 251, -465, 488, -259, 251, -465, 267, -523, 728, -731, 734, -726, 739, 
[10:46:34][I][remote.raw:028]:   -729, 734, -735, 277, -464, 265, -469, 479, -266, 477, -255, 249, -469, 480, -262, 254, -465, 271, -464, 263, -472, 266, -459, 269, -466, 488, -262, 251, -463, 271, -462, 493, -260, 250, -484, 461, -268, 256, -460, 487, -262, 467, -265, 466, -259, 252, 
[10:46:34][I][remote.raw:041]:   -474, 261, -468, 480, -262, 258, -465, 263, -471, 481, -261, 258, -463, 271, -466, 485, -262, 470, -258, 472, -260, 472, -262, 466, -265, 253, -463, 271, -465, 489, -256, 254, -462, 484, -263, 253, -469, 266

[10:47:26][I][remote.raw:028]: Received Raw: 213, -1202, 734, -727, 739, -731, 280, -460, 266, -466, 480, -258, 476, -263, 248, -470, 485, -263, 251, -462, 271, -464, 264, -471, 265, -463, 272, -463, 487, -262, 252, -468, 268, -465, 491, -252, 252, -467, 481, -260, 257, -463, 487, 
[10:47:26][I][remote.raw:028]:   -263, 474, -257, 470, -258, 258, -465, 486, -260, 258, -459, 273, -461, 266, -469, 491, -260, 256, -459, 274, -455, 489, -259, 467, -258, 475, -259, 264, -459, 265, -467, 265, -465, 270, -464, 267, -467, 266, -463, 271, -465, 271, -465, 265, -526, 732, 
[10:47:26][I][remote.raw:028]:   -724, 735, -725, 739, -729, 734, -730, 272, -470, 266, -472, 479, -262, 471, -263, 251, -469, 483, -265, 258, -457, 265, -467, 267, -460, 271, -464, 270, -465, 485, -261, 255, -459, 271, -465, 486, -261, 254, -463, 485, -265, 254, -464, 489, -266, 464, 
[10:47:26][I][remote.raw:028]:   -260, 471, -262, 249, -468, 480, -265, 252, -465, 264, -471, 268, -467, 477, -263, 256, -465, 264, -470, 480, -264, 471, -263, 473, -261, 254, -469, 268, -458, 271, -460, 271, -464, 267, -462, 270, -463, 269, -468, 263, -466, 266, -521, 733, -727, 742, 
[10:47:26][I][remote.raw:028]:   -725, 735, -736, 734, -726, 275, -467, 265, -468, 481, -264, 471, -258, 254, -463, 484, -266, 252, -468, 267, -465, 269, -464, 271, -463, 267, -471, 481, -258, 258, -460, 267, -466, 482, -259, 258, -464, 485, -264, 249, -463, 486, -263, 470, -265, 472, 
[10:47:26][I][remote.raw:028]:   -260, 255, -462, 485, -264, 252, -469, 269, -462, 272, -457, 489, -259, 252, -467, 266, -463, 486, -263, 471, -261, 469, -257, 259, -464, 268, -466, 267, -464, 271, -463, 271, -464, 268, -469, 268, -461, 275, -455, 487, -313, 721, -727, 735, -724, 740, 
[10:47:26][I][remote.raw:028]:   -729, 733, -734, 273, -470, 266, -469, 478, -266, 475, -260, 248, -468, 480, -261, 256, -464, 265, -470, 265, -463, 271, -461, 267, -468, 481, -262, 258, -463, 272, -461, 489, -262, 254, -462, 485, -266, 253, -463, 480, -263, 472, -261, 472, -260, 251, 
[10:47:26][I][remote.raw:041]:   -464, 486, -261, 251, -469, 265, -470, 267, -462, 487, -261, 252, -469, 268, -461, 488, -264, 474, -262, 465, -258, 258, -460, 270, -465, 264, -469, 267, -466, 267, -461, 265, -471, 266, -463, 272, -464, 263

[10:47:27][I][remote.raw:028]: Received Raw: 270, -1164, 734, -732, 735, -728, 279, -464, 265, -469, 481, -265, 472, -264, 256, -457, 487, -259, 253, -463, 271, -463, 265, -470, 265, -461, 275, -460, 485, -263, 254, -463, 271, -463, 486, -263, 250, -470, 481, -265, 258, -459, 487, 
[10:47:27][I][remote.raw:028]:   -258, 469, -261, 471, -261, 253, -467, 487, -259, 255, -461, 271, -463, 264, -471, 481, -261, 258, -463, 273, -463, 485, -265, 464, -266, 477, -252, 251, -478, 257, -461, 272, -465, 262, -471, 265, -461, 271, -463, 264, -472, 265, -469, 266, -518, 734, 
[10:47:27][I][remote.raw:028]:   -729, 737, -731, 734, -729, 736, -723, 277, -472, 264, -462, 487, -262, 470, -263, 253, -463, 487, -261, 253, -470, 267, -463, 270, -466, 266, -465, 265, -466, 482, -263, 249, -469, 264, -471, 479, -262, 259, -459, 487, -263, 252, -469, 481, -263, 474, 
[10:47:27][I][remote.raw:028]:   -258, 474, -261, 252, -464, 488, -266, 252, -463, 263, -463, 271, -462, 484, -262, 255, -467, 265, -464, 485, -262, 471, -265, 466, -261, 257, -464, 265, -470, 270, -459, 275, -462, 271, -463, 266, -466, 267, -460, 268, -465, 264, -527, 726, -733, 735, 
[10:47:27][I][remote.raw:028]:   -726, 741, -726, 738, -731, 280, -465, 267, -463, 481, -259, 477, -258, 251, -469, 480, -262, 259, -461, 266, -467, 264, -465, 273, -461, 270, -464, 487, -265, 250, -463, 273, -463, 488, -265, 251, -455, 488, -258, 254, -467, 480, -269, 469, -260, 472, 
[10:47:27][I][remote.raw:028]:   -258, 254, -468, 479, -265, 261, -459, 267, -469, 267, -461, 487, -261, 255, -469, 270, -457, 488, -256, 475, -264, 469, -261, 251, -464, 270, -463, 265, -469, 264, -465, 270, -463, 265, -470, 266, -462, 274, -463, 269, -522, 736, -723, 734, -732, 732, 
[10:47:27][I][remote.raw:028]:   -727, 740, -726, 278, -468, 268, -463, 486, -260, 469, -264, 258, -461, 488, -264, 253, -462, 273, -456, 267, -466, 266, -462, 272, -462, 487, -259, 254, -468, 264, -463, 486, -263, 254, -467, 482, -260, 258, -465, 485, -263, 466, -266, 474, -259, 255, 
[10:47:27][I][remote.raw:041]:   -461, 487, -259, 252, -464, 270, -465, 265, -469, 484, -255, 257, -465, 271, -464, 486, -262, 467, -266, 469, -263, 251, -468, 270, -463, 275, -457, 264, -466, 268, -467, 264, -464, 264, -468, 266, -469, 264

